 &ATOM
    6
    1   1.202149274951    30.183404880534    27.261378063936  6 21894.7318
    2   3.606428927592    29.035093902908    26.173198171634  6 21894.7318
    3   1.202149274951    29.949494580678    29.322445657603  1 1837.4731
    4   3.606428927592    29.268985305503    24.112149475229  1 1837.4731
    5   1.202149274951    32.228957822707    26.917088861070  1 1837.4731
    6   3.606428927592    26.989540960734    26.517506271762  1 1837.4731
 &END
 &FORCE
     1    -1.276778327605
     1    1.221046536210    30.183404880534    27.261378063936 -0.007312599848  0.000165298684  0.000150052311 
     2    3.606428927592    29.035093902908    26.173198171634 0.005560822740  -0.000136031093  -0.000122554389 
     3    1.202149274951    29.949494580678    29.322445657603 0.000770330760  0.000089183502  -0.000506727976 
     4    3.606428927592    29.268985305503    24.112149475229 0.000105577242  -0.000098984741  0.000475982421 
     5    1.202149274951    32.228957822707    26.917088861070 0.000770252972  -0.000500388286  0.000122651623 
     6    3.606428927592    26.989540960734    26.517506271762 0.000105616135  0.000480921935  -0.000119384543 
     2    -1.276781567793
     1    1.183252013693    30.183404880534    27.261378063936 0.007308049273  0.000155555785  0.000141145629 
     2    3.606428927592    29.035093902908    26.173198171634 -0.005556466633  -0.000127202199  -0.000113394897 
     3    1.202149274951    29.949494580678    29.322445657603 -0.000770311313  0.000087549962  -0.000501107821 
     4    3.606428927592    29.268985305503    24.112149475229 -0.000105499454  -0.000097973502  0.000470595629 
     5    1.202149274951    32.228957822707    26.917088861070 -0.000770330760  -0.000494165276  0.000120765274 
     6    3.606428927592    26.989540960734    26.517506271762 -0.000105441113  0.000476254678  -0.000118003813 
     3    -1.276744517126
     1    1.202149274951    30.202302141792    27.261378063936 0.000000000000  -0.010719950231  0.000306988826 
     2    3.606428927592    29.035093902908    26.173198171634 -0.000000000000  0.003743684587  0.000769338967 
     3    1.202149274951    29.949494580678    29.322445657603 0.000000000000  0.001089843392  -0.001128678859 
     4    3.606428927592    29.268985305503    24.112149475229 0.000000000000  -0.000130819323  0.000429115383 
     5    1.202149274951    32.228957822707    26.917088861070 0.000000000000  0.004976579404  -0.000779937530 
     6    3.606428927592    26.989540960734    26.517506271762 -0.000000000000  0.001040662171  0.000403173213 
     4    -1.276759594638
     1    1.202149274951    30.164507619276    27.261378063936 0.000000000000  0.010449871629  -0.000053401198 
     2    3.606428927592    29.035093902908    26.173198171634 0.000000000000  -0.003825983885  -0.000896268910 
     3    1.202149274951    29.949494580678    29.322445657603 -0.000000000000  -0.000881994882  0.000099237551 
     4    3.606428927592    29.268985305503    24.112149475229 -0.000000000000  -0.000069444894  0.000540468355 
     5    1.202149274951    32.228957822707    26.917088861070 -0.000000000000  -0.005590382034  0.000958246193 
     6    3.606428927592    26.989540960734    26.517506271762 -0.000000000000  -0.000082046488  -0.000648281990 
     5    -1.276743304398
     1    1.202149274951    30.183404880534    27.280275325194 0.000000000000  0.000300804710  -0.010751745919 
     2    3.606428927592    29.035093902908    26.173198171634 0.000000000000  0.000761462971  0.003663252192 
     3    1.202149274951    29.949494580678    29.322445657603 0.000000000000  -0.000569891520  0.005053258546 
     4    3.606428927592    29.268985305503    24.112149475229 -0.000000000000  0.000455174234  0.001010675046 
     5    1.202149274951    32.228957822707    26.917088861070 0.000000000000  -0.001351326462  0.001203471651 
     6    3.606428927592    26.989540960734    26.517506271762 -0.000000000000  0.000403776067  -0.000178911516 
     6    -1.276747330654
     1    1.202149274951    30.183404880534    27.242480802678 0.000000000000  -0.000045272392  0.010462920502 
     2    3.606428927592    29.035093902908    26.173198171634 -0.000000000000  -0.000920285836  -0.003743256755 
     3    1.202149274951    29.949494580678    29.322445657603 0.000000000000  0.000705533676  -0.005665213720 
     4    3.606428927592    29.268985305503    24.112149475229 0.000000000000  -0.000660689115  -0.000064447040 
     5    1.202149274951    32.228957822707    26.917088861070 0.000000000000  0.000351425001  -0.000924894752 
     6    3.606428927592    26.989540960734    26.517506271762 0.000000000000  0.000569288666  -0.000065108234 
     7    -1.276780859633
     1    1.202149274951    30.183404880534    27.261378063936 0.005556388846  0.000133891934  0.000120259654 
     2    3.625326188851    29.035093902908    26.173198171634 -0.007307465866  -0.000151530276  -0.000136497819 
     3    1.202149274951    29.949494580678    29.322445657603 0.000105421666  0.000089222395  -0.000481349767 
     4    3.606428927592    29.268985305503    24.112149475229 0.000770136291  -0.000096787241  0.000494145830 
     5    1.202149274951    32.228957822707    26.917088861070 0.000105402219  -0.000474368328  0.000121504256 
     6    3.606428927592    26.989540960734    26.517506271762 0.000770136291  0.000499590963  -0.000118062154 
     8    -1.276778135773
     1    1.202149274951    30.183404880534    27.261378063936 -0.005560764399  0.000142681934  0.000128057863 
     2    3.587531666334    29.035093902908    26.173198171634 0.007311977547  -0.000159309037  -0.000144646072 
     3    1.202149274951    29.949494580678    29.322445657603 -0.000105499454  0.000090642019  -0.000485394723 
     4    3.606428927592    29.268985305503    24.112149475229 -0.000770097397  -0.000097895715  0.000498229679 
     5    1.202149274951    32.228957822707    26.917088861070 -0.000105557795  -0.000479385629  0.000122904433 
     6    3.606428927592    26.989540960734    26.517506271762 -0.000770058503  0.000503246981  -0.000119151181 
     9    -1.276746647484
     1    1.202149274951    30.183404880534    27.261378063936 0.000000000000  0.003853112316  0.000918827318 
     2    3.606428927592    29.053991164166    26.173198171634 -0.000000000000  -0.010459497847  0.000044027791 
     3    1.202149274951    29.949494580678    29.322445657603 0.000000000000  0.000061996730  -0.000542043554 
     4    3.606428927592    29.268985305503    24.112149475229 0.000000000000  0.000871629682  -0.000118198282 
     5    1.202149274951    32.228957822707    26.917088861070 0.000000000000  0.000087355493  0.000652093583 
     6    3.606428927592    26.989540960734    26.517506271762 0.000000000000  0.005585403626  -0.000954706856 
     10    -1.276749627486
     1    1.202149274951    30.183404880534    27.261378063936 -0.000000000000  -0.003746173791  -0.000778751269 
     2    3.606428927592    29.016196641650    26.173198171634 0.000000000000  0.010730179303  -0.000288203117 
     3    1.202149274951    29.949494580678    29.322445657603 -0.000000000000  0.000122573836  -0.000423709143 
     4    3.606428927592    29.268985305503    24.112149475229 -0.000000000000  -0.001094491202  0.001106276025 
     5    1.202149274951    32.228957822707    26.917088861070 -0.000000000000  -0.001026718741  -0.000402803722 
     6    3.606428927592    26.989540960734    26.517506271762 0.000000000000  -0.004985369405  0.000787191225 
     11    -1.276745401314
     1    1.202149274951    30.183404880534    27.261378063936 -0.000000000000  0.000934248713  0.003752377353 
     2    3.606428927592    29.035093902908    26.192095432893 0.000000000000  0.000045330733  -0.010458369926 
     3    1.202149274951    29.949494580678    29.322445657603 -0.000000000000  0.000653415973  0.000048520025 
     4    3.606428927592    29.268985305503    24.112149475229 -0.000000000000  -0.000715801641  0.005661207658 
     5    1.202149274951    32.228957822707    26.917088861070 -0.000000000000  -0.000576289552  0.000069133744 
     6    3.606428927592    26.989540960734    26.517506271762 -0.000000000000  -0.000340904226  0.000927111699 
     12    -1.276744618921
     1    1.202149274951    30.183404880534    27.261378063936 -0.000000000000  -0.000755978944  -0.003658429360 
     2    3.606428927592    29.035093902908    26.154300910376 -0.000000000000  -0.000293881613  0.010757346628 
     3    1.202149274951    29.949494580678    29.322445657603 0.000000000000  -0.000463867000  -0.001018959427 
     4    3.606428927592    29.268985305503    24.112149475229 0.000000000000  0.000561626586  -0.005061776290 
     5    1.202149274951    32.228957822707    26.917088861070 0.000000000000  -0.000400897925  0.000181925787 
     6    3.606428927592    26.989540960734    26.517506271762 0.000000000000  0.001352998896  -0.001200126784 
     13    -1.276834803596
     1    1.202149274951    30.183404880534    27.261378063936 0.000768911136  0.000071525713  0.000081501974 
     2    3.606428927592    29.035093902908    26.173198171634 0.000108027551  -0.000067772460  -0.000059215823 
     3    1.221046536210    29.949494580678    29.322445657603 -0.001022109825  0.000095503745  -0.000511161871 
     4    3.606428927592    29.268985305503    24.112149475229 0.000171307777  -0.000101415604  0.000485083572 
     5    1.202149274951    32.228957822707    26.917088861070 0.000017774470  -0.000488447887  0.000125704787 
     6    3.606428927592    26.989540960734    26.517506271762 -0.000043891662  0.000490625940  -0.000121932088 
     14    -1.276835267740
     1    1.202149274951    30.183404880534    27.261378063936 -0.000773558946  0.000070456133  0.000081035249 
     2    3.606428927592    29.035093902908    26.173198171634 -0.000103418635  -0.000066625093  -0.000057582283 
     3    1.183252013693    29.949494580678    29.322445657603 0.001021857015  0.000095173148  -0.000508731008 
     4    3.606428927592    29.268985305503    24.112149475229 -0.000171054967  -0.000101046113  0.000481233085 
     5    1.202149274951    32.228957822707    26.917088861070 -0.000017968939  -0.000485297488  0.000125413084 
     6    3.606428927592    26.989540960734    26.517506271762 0.000044125025  0.000487339413  -0.000121368128 
     15    -1.276838423772
     1    1.202149274951    30.183404880534    27.261378063936 0.000000000000  0.001043443079  -0.000565749330 
     2    3.606428927592    29.035093902908    26.173198171634 -0.000000000000  -0.000090175294  0.000509197733 
     3    1.202149274951    29.968391841936    29.322445657603 0.000000000000  -0.000933256921  0.000109719432 
     4    3.606428927592    29.268985305503    24.112149475229 0.000000000000  -0.000091303214  0.000540137757 
     5    1.202149274951    32.228957822707    26.917088861070 0.000000000000  -0.000391563411  -0.000484033439 
     6    3.606428927592    26.989540960734    26.517506271762 0.000000000000  0.000462855761  -0.000109252706 
     16    -1.276841365188
     1    1.202149274951    30.183404880534    27.261378063936 0.000000000000  -0.000941171811  0.000697579892 
     2    3.606428927592    29.035093902908    26.173198171634 -0.000000000000  -0.000014254581  -0.000595833690 
     3    1.202149274951    29.930597319420    29.322445657603 0.000000000000  0.001127298129  -0.001095735803 
     4    3.606428927592    29.268985305503    24.112149475229 -0.000000000000  -0.000106899631  0.000398564297 
     5    1.202149274951    32.228957822707    26.917088861070 0.000000000000  -0.000552428201  0.000724630535 
     6    3.606428927592    26.989540960734    26.517506271762 0.000000000000  0.000487436648  -0.000129205230 
     17    -1.276783093624
     1    1.202149274951    30.183404880534    27.261378063936 0.000000000000  -0.000526524925  0.005242107431 
     2    3.606428927592    29.035093902908    26.173198171634 -0.000000000000  -0.000114775627  0.000487942267 
     3    1.202149274951    29.949494580678    29.341342918861 0.000000000000  0.000677841284  -0.006289420443 
     4    3.606428927592    29.268985305503    24.112149475229 0.000000000000  -0.000036249029  0.000456477177 
     5    1.202149274951    32.228957822707    26.917088861070 0.000000000000  -0.000496187754  0.000245633844 
     6    3.606428927592    26.989540960734    26.517506271762 -0.000000000000  0.000495876604  -0.000142720828 
     18    -1.276795275290
     1    1.202149274951    30.183404880534    27.261378063936 0.000000000000  0.000711815026  -0.005473758951 
     2    3.606428927592    29.035093902908    26.173198171634 -0.000000000000  -0.000008945576  -0.000590038513 
     3    1.202149274951    29.949494580678    29.303548396344 0.000000000000  -0.000541985213  0.005656073675 
     4    3.606428927592    29.268985305503    24.112149475229 -0.000000000000  -0.000164520807  0.000501282843 
     5    1.202149274951    32.228957822707    26.917088861070 0.000000000000  -0.000468962089  0.000006009093 
     6    3.606428927592    26.989540960734    26.517506271762 -0.000000000000  0.000472598660  -0.000099548701 
     19    -1.276836656864
     1    1.202149274951    30.183404880534    27.261378063936 0.000103399188  0.000069756044  0.000060110380 
     2    3.606428927592    29.035093902908    26.173198171634 0.000773403370  -0.000060421531  -0.000071486819 
     3    1.202149274951    29.949494580678    29.322445657603 0.000171093861  0.000091828280  -0.000486114258 
     4    3.625326188851    29.268985305503    24.112149475229 -0.001021798675  -0.000103418635  0.000493834679 
     5    1.202149274951    32.228957822707    26.917088861070 -0.000044105578  -0.000481019169  0.000124401845 
     6    3.606428927592    26.989540960734    26.517506271762 0.000018007833  0.000483275010  -0.000120726380 
     20    -1.276837591032
     1    1.202149274951    30.183404880534    27.261378063936 -0.000107969211  0.000068822593  0.000058651862 
     2    3.606428927592    29.035093902908    26.173198171634 -0.000768794454  -0.000059371398  -0.000071253456 
     3    1.202149274951    29.949494580678    29.322445657603 -0.000171307777  0.000091769940  -0.000484869656 
     4    3.587531666334    29.268985305503    24.112149475229 0.001021993144  -0.000103418635  0.000494534768 
     5    1.202149274951    32.228957822707    26.917088861070 0.000043872215  -0.000479852355  0.000123857331 
     6    3.606428927592    26.989540960734    26.517506271762 -0.000017774470  0.000482049855  -0.000120901402 
     21    -1.276847256471
     1    1.202149274951    30.183404880534    27.261378063936 0.000000000000  0.000018163408  0.000598303447 
     2    3.606428927592    29.035093902908    26.173198171634 -0.000000000000  0.000950409090  -0.000688712104 
     3    1.202149274951    29.949494580678    29.322445657603 0.000000000000  0.000098420781  -0.000419294696 
     4    3.606428927592    29.287882566761    24.112149475229 0.000000000000  -0.001134610164  0.001098263901 
     5    1.202149274951    32.228957822707    26.917088861070 0.000000000000  -0.000497685166  0.000134358659 
     6    3.606428927592    26.989540960734    26.517506271762 0.000000000000  0.000565302051  -0.000722958102 
     22    -1.276836506192
     1    1.202149274951    30.183404880534    27.261378063936 -0.000000000000  0.000099762617  -0.000501380078 
     2    3.606428927592    29.035093902908    26.173198171634 -0.000000000000  -0.001038931397  0.000567888489 
     3    1.202149274951    29.949494580678    29.322445657603 0.000000000000  0.000083349430  -0.000552778245 
     4    3.606428927592    29.250088044244    24.112149475229 0.000000000000  0.000922386102  -0.000113861623 
     5    1.202149274951    32.228957822707    26.917088861070 0.000000000000  -0.000464178151  0.000112967065 
     6    3.606428927592    26.989540960734    26.517506271762 0.000000000000  0.000397630845  0.000487164391 
     23    -1.276800330894
     1    1.202149274951    30.183404880534    27.261378063936 -0.000000000000  0.000001886350  0.000581131831 
     2    3.606428927592    29.035093902908    26.173198171634 0.000000000000  -0.000690617900  0.005491300058 
     3    1.202149274951    29.949494580678    29.322445657603 -0.000000000000  0.000153688882  -0.000498346361 
     4    3.606428927592    29.268985305503    24.131046736487 -0.000000000000  0.000535723310  -0.005673459207 
     5    1.202149274951    32.228957822707    26.917088861070 -0.000000000000  -0.000458402420  0.000099568148 
     6    3.606428927592    26.989540960734    26.517506271762 -0.000000000000  0.000457702332  -0.000000213916 
     24    -1.276783031518
     1    1.202149274951    30.183404880534    27.261378063936 -0.000000000000  0.000122009875  -0.000482458240 
     2    3.606428927592    29.035093902908    26.173198171634 0.000000000000  0.000532767381  -0.005237595749 
     3    1.202149274951    29.949494580678    29.322445657603 -0.000000000000  0.000027478475  -0.000466453438 
     4    3.606428927592    29.268985305503    24.093252213971 -0.000000000000  -0.000686534050  0.006282575133 
     5    1.202149274951    32.228957822707    26.917088861070 -0.000000000000  -0.000494456980  0.000146221271 
     6    3.606428927592    26.989540960734    26.517506271762 0.000000000000  0.000498754746  -0.000242308423 
     25    -1.276840858782
     1    1.202149274951    30.183404880534    27.261378063936 0.000768833348  0.000077301443  0.000043930556 
     2    3.606428927592    29.035093902908    26.173198171634 0.000107988658  -0.000052214937  -0.000042238675 
     3    1.202149274951    29.949494580678    29.322445657603 0.000017832811  0.000090330869  -0.000477888218 
     4    3.606428927592    29.268985305503    24.112149475229 -0.000043891662  -0.000098712484  0.000468767620 
     5    1.221046536210    32.228957822707    26.917088861070 -0.001022090378  -0.000488875719  0.000126035385 
     6    3.606428927592    26.989540960734    26.517506271762 0.000171307777  0.000472190275  -0.000118587220 
     26    -1.276841585684
     1    1.202149274951    30.183404880534    27.261378063936 -0.000773325583  0.000075706797  0.000042394251 
     2    3.606428927592    29.035093902908    26.173198171634 -0.000103457529  -0.000050892548  -0.000040741264 
     3    1.202149274951    29.949494580678    29.322445657603 -0.000018007833  0.000090000272  -0.000474757266 
     4    3.606428927592    29.268985305503    24.112149475229 0.000044047237  -0.000098362440  0.000465870031 
     5    1.183252013693    32.228957822707    26.917088861070 0.001021837568  -0.000485900342  0.000125354743 
     6    3.606428927592    26.989540960734    26.517506271762 -0.000171093861  0.000469448262  -0.000118139942 
     27    -1.276789726510
     1    1.202149274951    30.183404880534    27.261378063936 0.000000000000  0.005165778333  -0.000769319521 
     2    3.606428927592    29.035093902908    26.173198171634 -0.000000000000  0.000516237512  -0.000126346535 
     3    1.202149274951    29.949494580678    29.322445657603 0.000000000000  0.000178892070  -0.000491287135 
     4    3.606428927592    29.268985305503    24.112149475229 -0.000000000000  -0.000118101048  0.000479813461 
     5    1.202149274951    32.247855083966    26.917088861070 0.000000000000  -0.006200081367  0.000960093648 
     6    3.606428927592    26.989540960734    26.517506271762 -0.000000000000  0.000457274500  -0.000052953919 
     28    -1.276797062042
     1    1.202149274951    30.183404880534    27.261378063936 0.000000000000  -0.005379363679  0.000940374488 
     2    3.606428927592    29.035093902908    26.173198171634 -0.000000000000  -0.000622339820  0.000035354471 
     3    1.202149274951    29.949494580678    29.322445657603 0.000000000000  0.000006553607  -0.000471081801 
     4    3.606428927592    29.268985305503    24.112149475229 -0.000000000000  -0.000079946222  0.000463536403 
     5    1.202149274951    32.210060561449    26.917088861070 0.000000000000  0.005580561347  -0.000782757331 
     6    3.606428927592    26.989540960734    26.517506271762 0.000000000000  0.000494534768  -0.000185406782 
     29    -1.276837107779
     1    1.202149274951    30.183404880534    27.261378063936 -0.000000000000  -0.000787580163  0.001111643371 
     2    3.606428927592    29.035093902908    26.173198171634 0.000000000000  0.000466706248  -0.000108027551 
     3    1.202149274951    29.949494580678    29.322445657603 -0.000000000000  -0.000516782026  -0.000366749162 
     4    3.606428927592    29.268985305503    24.112149475229 -0.000000000000  -0.000089164055  0.000458694124 
     5    1.202149274951    32.228957822707    26.935986122328 -0.000000000000  0.000378689561  -0.000976759645 
     6    3.606428927592    26.989540960734    26.517506271762 -0.000000000000  0.000548149882  -0.000118801136 
     30    -1.276840023837
     1    1.202149274951    30.183404880534    27.261378063936 -0.000000000000  0.000935765572  -0.001034147459 
     2    3.606428927592    29.035093902908    26.173198171634 -0.000000000000  -0.000572225149  0.000019933077 
     3    1.202149274951    29.949494580678    29.322445657603 0.000000000000  0.000692795953  -0.000591302562 
     4    3.606428927592    29.268985305503    24.112149475229 0.000000000000  -0.000109524963  0.000484850209 
     5    1.202149274951    32.228957822707    26.898191599812 0.000000000000  -0.001349342878  0.001239798468 
     6    3.606428927592    26.989540960734    26.517506271762 -0.000000000000  0.000402512018  -0.000119131734 
     31    -1.276841760243
     1    1.202149274951    30.183404880534    27.261378063936 0.000103360295  0.000058224030  0.000045739118 
     2    3.606428927592    29.035093902908    26.173198171634 0.000773267242  -0.000068122505  -0.000037065799 
     3    1.202149274951    29.949494580678    29.322445657603 -0.000044125025  0.000089669674  -0.000474446116 
     4    3.606428927592    29.268985305503    24.112149475229 0.000017930045  -0.000098654144  0.000465461646 
     5    1.202149274951    32.228957822707    26.917088861070 0.000170996626  -0.000468067531  0.000121776513 
     6    3.625326188851    26.989540960734    26.517506271762 -0.001021409737  0.000486969922  -0.000121465362 
     32    -1.276841905770
     1    1.202149274951    30.183404880534    27.261378063936 -0.000107930317  0.000058282371  0.000045972481 
     2    3.606428927592    29.035093902908    26.173198171634 -0.000768716667  -0.000068083611  -0.000037124140 
     3    1.202149274951    29.949494580678    29.322445657603 0.000043950003  0.000089689121  -0.000474465563 
     4    3.606428927592    29.268985305503    24.112149475229 -0.000017755023  -0.000098498569  0.000465558881 
     5    1.202149274951    32.228957822707    26.917088861070 -0.000171210542  -0.000468359235  0.000121737619 
     6    3.587531666334    26.989540960734    26.517506271762 0.001021662546  0.000486969922  -0.000121679278 
     33    -1.276795771773
     1    1.202149274951    30.183404880534    27.261378063936 -0.000000000000  0.000632568892  -0.000026389449 
     2    3.606428927592    29.035093902908    26.173198171634 0.000000000000  0.005382805781  -0.000938332563 
     3    1.202149274951    29.949494580678    29.322445657603 -0.000000000000  0.000071681288  -0.000477635408 
     4    3.606428927592    29.268985305503    24.112149475229 0.000000000000  -0.000016257612  0.000467386890 
     5    1.202149274951    32.228957822707    26.917088861070 -0.000000000000  -0.000498346361  0.000189860123 
     6    3.606428927592    27.008438221993    26.517506271762 -0.000000000000  -0.005572451988  0.000785090960 
     34    -1.276787675897
     1    1.202149274951    30.183404880534    27.261378063936 0.000000000000  -0.000507641981  0.000133502996 
     2    3.606428927592    29.035093902908    26.173198171634 -0.000000000000  -0.005162122315  0.000772683835 
     3    1.202149274951    29.949494580678    29.322445657603 0.000000000000  0.000110302839  -0.000492512290 
     4    3.606428927592    29.268985305503    24.112149475229 0.000000000000  -0.000187837645  0.000486892134 
     5    1.202149274951    32.228957822707    26.917088861070 0.000000000000  -0.000458791358  0.000056609937 
     6    3.606428927592    26.970643699476    26.517506271762 0.000000000000  0.006206090460  -0.000957176613 
     35    -1.276839928657
     1    1.202149274951    30.183404880534    27.261378063936 -0.000000000000  0.000580237273  -0.000014118452 
     2    3.606428927592    29.035093902908    26.173198171634 0.000000000000  -0.000929484222  0.001039086972 
     3    1.202149274951    29.949494580678    29.322445657603 -0.000000000000  0.000101357263  -0.000495020940 
     4    3.606428927592    29.268985305503    24.112149475229 -0.000000000000  -0.000701488720  0.000583348778 
     5    1.202149274951    32.228957822707    26.917088861070 -0.000000000000  -0.000402589806  0.000122904433 
     6    3.606428927592    26.989540960734    26.536403533020 0.000000000000  0.001351987657  -0.001236200791 
     36    -1.276838055176
     1    1.202149274951    30.183404880534    27.261378063936 0.000000000000  -0.000461980650  0.000111430760 
     2    3.606428927592    29.035093902908    26.173198171634 0.000000000000  0.000796409058  -0.001104525804 
     3    1.202149274951    29.949494580678    29.322445657603 -0.000000000000  0.000080160138  -0.000464372620 
     4    3.606428927592    29.268985305503    24.112149475229 -0.000000000000  0.000508303176  0.000355178254 
     5    1.202149274951    32.228957822707    26.917088861070 -0.000000000000  -0.000543229815  0.000122282132 
     6    3.606428927592    26.989540960734    26.498609010503 0.000000000000  -0.000379681353  0.000980007278 
