 &ATOM
    6
    1   1.202149274951    30.183404880534    27.261378063936  6 21894.7318
    2   3.606428927592    29.035093902908    26.173198171634  6 21894.7318
    3   1.202149274951    29.949494580678    29.322445657603  1 1837.4731
    4   3.606428927592    29.268985305503    24.112149475229  1 1837.4731
    5   1.202149274951    32.228957822707    26.917088861070  1 1837.4731
    6   3.606428927592    26.989540960734    26.517506271762  1 1837.4731
 &END
 &FORCE
     1    -1.276856834080
     1    1.186153329111    30.024997397508    27.346590199115 -0.000000000000  0.000147504767  0.000142506912 
     2    3.590432301451    28.865443135249    26.270476321510 -0.000000000000  -0.000147504767  -0.000142506912 
     3    1.186162739947    29.812645811392    29.410222680257 0.000000000000  0.000096806688  -0.000575219972 
     4    3.590440691835    29.078196118092    24.206896336959 0.000000000000  -0.000096806688  0.000575219972 
     5    1.186163061201    32.067046069348    26.980799749080 0.000000000000  -0.000590271876  0.000134980960 
     6    3.590442184718    26.823247631688    26.635731109776 0.000000000000  0.000590271876  -0.000134980960 
     2    -1.276860315343
     1    1.218145220791    30.341812363560    27.176165928758 -0.000000000000  0.000001400177  -0.000012932191 
     2    3.622425553734    29.204744670567    26.075920021759 -0.000000000000  0.000008459403  0.000037104693 
     3    1.218135809955    30.086343349964    29.234668634948 0.000000000000  0.000097273414  -0.000446053636 
     4    3.622417163350    29.459774492914    24.017402613499 -0.000000000000  -0.000083446665  0.000429698790 
     5    1.218135488702    32.390869576066    26.853377973059 0.000000000000  -0.000451615451  0.000103924255 
     6    3.622415670466    27.155834289781    26.399281433747 0.000000000000  0.000427929122  -0.000111741910 
     3    -1.276839347650
     1    1.367846981220    30.214703356110    27.346201180094 -0.000007370377  0.000259499486  0.000259791190 
     2    3.772131679429    29.066078117029    26.258377368886 -0.000007370377  -0.000259499486  -0.000259791190 
     3    1.367741666783    29.981469275850    29.407278883796 0.000004219978  0.000113278216  -0.000710492636 
     4    3.772018862780    29.299396573560    24.197327066214 0.000004219978  -0.000113278216  0.000710492636 
     5    1.367739682570    32.260059993533    27.001173755717 0.000003150398  -0.000694643409  0.000153358285 
     6    3.772048890528    27.020693738426    26.603177081266 0.000003150398  0.000694643409  -0.000153358285 
     4    -1.276858039825
     1    1.036451568683    30.152106404958    27.176554947778 0.000002975376  0.000066119473  0.000055482017 
     2    3.440726175755    29.004109688787    26.088018974382 0.000011065288  -0.000063766398  -0.000037415843 
     3    1.036556883120    29.917519885505    29.237612431410 -0.000004395000  0.000093131223  -0.000470342819 
     4    3.440838992405    29.238574037446    24.026971884244 -0.000003189292  -0.000099587595  0.000460094301 
     5    1.036558867332    32.197855651882    26.833003966423 -0.000004161637  -0.000472170828  0.000113142087 
     6    3.440808964657    26.958388183043    26.431835462258 -0.000002294735  0.000476293572  -0.000120959743 
     5    -1.276859172439
     1    1.113049084960    30.270659261634    27.403239237285 0.000002994823  0.000036599073  0.000019369116 
     2    3.517325940807    29.122700774622    26.314657381339 0.000002994823  -0.000036599073  -0.000019369116 
     3    1.113105304313    30.036174352755    29.464234359954 -0.000001516859  0.000076154076  -0.000434638303 
     4    3.517386336454    29.357384142539    24.253718289049 -0.000001516859  -0.000076154076  0.000434638303 
     5    1.113109178251    32.316265361803    27.059349087885 -0.000001458518  -0.000439402795  0.000106782950 
     6    3.517371161953    27.077041894402    26.658031522123 -0.000001458518  0.000439402795  -0.000106782950 
     6    -1.276857074788
     1    1.291249464942    30.096150499434    27.119516890587 -0.000004686704  0.000058340712  0.000043561065 
     2    3.695531914378    28.947487031194    26.031738961930 -0.000004686704  -0.000058340712  -0.000043561065 
     3    1.291193245590    29.862814808601    29.180656955251 0.000002391969  0.000091458789  -0.000459238637 
     4    3.695471518731    29.180586468466    23.970580661409 0.000002391969  -0.000091458789  0.000459238637 
     5    1.291189371651    32.141650283611    26.774828634255 0.000002294735  -0.000470673416  0.000110672330 
     6    3.695486693231    26.902040027067    26.376981021400 0.000002294735  0.000470673416  -0.000110672330 
     7    -1.276355790142
     1    1.202718668330    30.278016211106    27.167593979873 -0.000002566991  0.001230522295  0.001113432486 
     2    3.606996620218    28.963199045683    26.254756899294 0.000002955929  -0.001301095109  -0.001132665474 
     3    1.202728060269    30.356473444659    29.264264901921 -0.000001050133  -0.000407198722  -0.008148544462 
     4    3.606963493319    28.883449409536    24.157994514501 0.000002061372  0.000444731247  0.008197492319 
     5    1.202711052734    32.271523828103    26.512899421823 0.000000719535  -0.007897757188  0.002378064650 
     6    3.607033450980    26.969850222373    26.910460627786 -0.000002100266  0.007930816925  -0.002407798967 
     8    -1.276368867756
     1    1.201579881572    30.088793549962    27.355162148000 -0.000001886350  0.001237270370  0.001197229195 
     2    3.605861234967    29.106988760133    26.091639443975 0.000001419624  -0.001247168845  -0.001253605770 
     3    1.201570489633    29.542515716697    29.380626413284 0.000000875111  0.001910211035  -0.007889628382 
     4    3.605894361866    29.654521201470    24.066304435957 -0.000001847456  -0.001945507166  0.007936728784 
     5    1.201587497168    32.186391817312    27.321278300317 -0.000000816770  -0.008075424103  0.000004239425 
     6    3.605824404205    27.009231699096    26.124551915737 0.000002255841  0.008120618708  0.000005056195 
     9    -1.275911947260
     1    1.202137501957    30.192601100445    27.251815199363 0.000001322389  -0.001135913107  0.003650339448 
     2    3.606427510298    29.044266652420    26.163399677110 0.000002197500  -0.003617610309  0.001382538743 
     3    1.202122251868    29.806119472141    29.296508694094 0.000001225155  0.003579961103  -0.001461259810 
     4    3.606471578711    29.125537196845    24.085970418906 -0.000002547544  0.002652188209  0.002598242497 
     5    1.202153281171    32.262716249267    27.059135000812 -0.000000641748  -0.002746116755  -0.002505578000 
     6    3.606458709676    27.023268735937    26.659265116441 -0.000001536305  0.001267471412  -0.003664282878 
     10    -1.275892172082
     1    1.202161047945    30.174208660623    27.270940928510 -0.000006009093  0.003712977926  -0.001238359397 
     2    3.606430344887    29.025921153396    26.182996666158 0.000002469757  0.001057931022  -0.003799011029 
     3    1.202176298035    30.092869689215    29.348382621111 -0.000001341836  -0.002625157012  -0.002682447591 
     4    3.606386276474    29.412433414160    24.138328531551 0.000002839248  -0.003609423162  0.001535877581 
     5    1.202145268732    32.195199396148    26.775042721328 0.000000427832  -0.001362936264  0.003687210778 
     6    3.606399145508    26.955813185532    26.375747427083 0.000001633540  0.002826607490  0.002496729658 
     11    -1.276370748219
     1    1.201909960035    30.183411041041    27.261379443436 0.000122009875  0.000434541069  0.000409629585 
     2    3.606658434830    29.035087647914    26.173197151182 -0.000116000782  -0.000434443834  -0.000400061708 
     3    1.126968221788    29.949491935061    29.322448586678 0.003286779579  0.000184239968  -0.000741918833 
     4    3.532267041524    29.268990426661    24.112147850064 0.003243490770  -0.000192135411  0.000730756310 
     5    1.276313523178    32.228971220866    26.917099745892 -0.003242732341  -0.000729336686  0.000228598356 
     6    3.681712441706    26.989525729542    26.517488716206 -0.003293547101  0.000737154341  -0.000227003710 
     12    -1.276370399836
     1    1.202388589868    30.183398720027    27.261376684436 -0.000127377221  0.000442047574  0.000410913081 
     2    3.606199420354    29.035100157901    26.173199192086 0.000121309787  -0.000440919653  -0.000401111841 
     3    1.277330328114    29.949497226294    29.322442728527 -0.003288646481  0.000184531672  -0.000748355758 
     4    3.680590813661    29.268980184345    24.112151100393 -0.003242654553  -0.000192485455  0.000737562726 
     5    1.127985026725    32.228944424549    26.917077976247 0.003242946257  -0.000734859607  0.000230659728 
     6    3.531145413479    26.989556191927    26.517523827317 0.003294422212  0.000741685470  -0.000229687383 
     13    -1.276801420879
     1    1.208486188055    30.183409491466    27.261381805594 -0.003324817723  0.000124868570  0.000111761357 
     2    3.600093998701    29.035089821099    26.173193825264 0.003323650908  -0.000116661977  -0.000105071622 
     3    1.216003310714    29.949495336568    29.322442823013 -0.000610282740  0.000095931577  -0.000538115279 
     4    3.592126913354    29.268977425345    24.112152838941 0.000630313051  -0.000104313193  0.000527069438 
     5    1.216448190038    32.228955914084    26.917097156968 -0.000630157476  -0.000531814483  0.000130741535 
     6    3.592558980335    26.989543511865    26.517504684392 0.000611293979  0.000531989505  -0.000126385429 
     14    -1.276801498053
     1    1.195812361847    30.183400269602    27.261374322278 0.003320344935  0.000132900142  0.000118703902 
     2    3.612763856484    29.035097984716    26.173202518004 -0.003319255908  -0.000123585075  -0.000112636468 
     3    1.188295239188    29.949493824787    29.322448492192 0.000610088271  0.000096456644  -0.000540623930 
     4    3.620730941830    29.268993185661    24.112146111516 -0.000630021348  -0.000105227197  0.000529111363 
     5    1.187850359864    32.228959731331    26.917080565172 0.000629865772  -0.000534731518  0.000131986137 
     6    3.620298874849    26.989538409604    26.517507859132 -0.000611002275  0.000534187005  -0.000126560451 
     15    -1.276832304275
     1    1.202154226034    30.187448648779    27.265257520494 -0.000006923098  -0.002369546906  -0.002275735042 
     2    3.606433406243    29.031047375663    26.169327105460 -0.000006923098  0.002369546906  0.002275735042 
     3    1.202108589148    29.952451737503    29.326107587787 0.000003325421  -0.000059526973  -0.000645598318 
     4    3.606424259969    29.266031644671    24.108494593723 0.000003325421  0.000059526973  0.000645598318 
     5    1.202108740326    32.232693565594    26.919711914316 0.000003597677  -0.000652113030  -0.000015421395 
     6    3.606411882263    26.985787114272    26.514802697285 0.000003597677  0.000652113030  0.000015421395 
     16    -1.276845912916
     1    1.202144323869    30.179361112289    27.257498607378 0.000001711328  0.002486072755  0.002371666619 
     2    3.606424448941    29.039140430153    26.177069237808 0.000003947722  -0.002475824237  -0.002360581884 
     3    1.202189960755    29.946537423853    29.318783727419 -0.000002489204  0.000237154994  -0.000263855593 
     4    3.606433595216    29.271938966335    24.115804356734 -0.000000077788  -0.000248842583  0.000254171035 
     5    1.202189809577    32.225222079821    26.914465807824 -0.000002314182  -0.000254501632  0.000250787273 
     6    3.606445972922    26.993294807197    26.520209846238 -0.000000777876  0.000255940703  -0.000252168004 
     17    -1.276738314575
     1    1.207323363981    30.183411683548    27.261333485297 -0.003347064981  0.000170179857  0.000186670831 
     2    3.611614128212    29.035088006962    26.173242447917 -0.003347064981  -0.000170179857  -0.000186670831 
     3    1.171251704773    29.949404724201    29.322402874203 0.001674028386  0.000105129963  -0.000577806410 
     4    3.575543905196    29.269063710240    24.112191578327 0.001674028386  -0.000105129963  0.000577806410 
     5    1.171294110227    32.228990552764    26.917147461477 0.001673017147  -0.000582745924  0.000131986137 
     6    3.575552560141    26.989509591281    26.517452036622 0.001673017147  0.000582745924  -0.000131986137 
     18    -1.276723757433
     1    1.196975185921    30.183398077520    27.261422642575 0.003347765069  0.000289369931  0.000235599241 
     2    3.601243726973    29.035099798853    26.173153895351 0.003347765069  -0.000289369931  -0.000235599241 
     3    1.233046845129    29.949584437155    29.322488441002 -0.001674534006  0.000113025406  -0.000745166466 
     4    3.637313949989    29.268906900766    24.112107372131 -0.001674534006  -0.000113025406  0.000745166466 
     5    1.233004439675    32.228925092651    26.917030260663 -0.001673231063  -0.000741918833  0.000164170763 
     6    3.637305295043    26.989572330188    26.517560506901 -0.001673231063  0.000741918833  -0.000164170763 
     19    -1.276808012605
     1    1.202158818068    30.179912836729    27.265006602659 -0.000010054049  0.002507794947  -0.002160200985 
     2    3.606437601435    29.038585852227    26.169572656473 -0.000010054049  -0.002507794947  0.002160200985 
     3    1.202090863517    29.959259891611    29.327236547969 0.000005309005  -0.000416202638  -0.000964780352 
     4    3.606372575959    29.259228517234    24.107361192685 0.000005309005  0.000416202638  0.000964780352 
     5    1.202097477558    32.223576185057    26.907528434243 0.000004745045  -0.000409493457  0.000686378475 
     6    3.606378018370    26.994913924542    26.527022800251 0.000004745045  0.000409493457  -0.000686378475 
     20    -1.276828802432
     1    1.202139731834    30.186896924339    27.257749525213 0.000002469757  -0.002221205923  0.002410015914 
     2    3.606420253749    29.031601953589    26.176823686796 0.000002469757  0.002221205923  -0.002410015914 
     3    1.202207686386    29.939729269745    29.317654767237 -0.000001361283  0.000629243471  -0.000205767691 
     4    3.606485279225    29.278742093771    24.116937757773 -0.000001361283  -0.000629243471  0.000205767691 
     5    1.202201072344    32.234339460358    26.926649287897 -0.000001127920  -0.000764885626  -0.000398661531 
     6    3.606479836814    26.984167996927    26.507989743273 -0.000001127920  0.000764885626  0.000398661531 
     21    -1.276532344545
     1    1.202163655767    30.183407790712    27.261381389854 -0.000014196240  0.000213410324  0.000193029969 
     2    3.606417759311    29.035092239949    26.173194618949 0.000011590355  -0.000208334682  -0.000185970743 
     3    1.251932352291    29.949486606034    29.322452725178 -0.003305390266  0.000117692663  -0.000547080302 
     4    3.556654958732    29.268975894667    24.112148662647 0.003305079115  -0.000124693548  0.000536520633 
     5    1.152296806868    32.228963888728    26.917090127186 0.003309960288  -0.000540701718  0.000152852665 
     6    3.656224099179    26.989537294666    26.517502189953 -0.003307023806  0.000542646408  -0.000149332775 
     22    -1.276532302283
     1    1.202134894135    30.183401970356    27.261374738018 0.000009237279  0.000215841187  0.000195188575 
     2    3.606440095874    29.035095565867    26.173201724319 -0.000006592500  -0.000209170899  -0.000191182513 
     3    1.152366197611    29.949502555322    29.322438590027 0.003304690177  0.000116350826  -0.000543132581 
     4    3.656202896452    29.268994716339    24.112150287811 -0.003304456814  -0.000126229854  0.000536637315 
     5    1.252001743034    32.228951756687    26.917087594953 -0.003310193651  -0.000537843023  0.000152735984 
     6    3.556633756005    26.989544626803    26.517510353570 0.003307296062  0.000541051762  -0.000150266227 
     23    -1.276830075061
     1    1.205996133734    30.183401592411    27.261374586840 -0.003346773277  0.000077418125  0.000065963898 
     2    3.602583429412    29.035096661908    26.173201440860 0.003346773277  -0.000077418125  -0.000065963898 
     3    1.191825814509    29.949496791657    29.322443200959 0.000752925781  0.000090078059  -0.000479560652 
     4    3.616747871589    29.268989840845    24.112150968113 -0.000752925781  -0.000090078059  0.000479560652 
     5    1.191843181092    32.228955970776    26.917090939769 0.000751525603  -0.000482108196  0.000119092840 
     6    3.616723002793    26.989542604796    26.517507594570 -0.000751525603  0.000482108196  -0.000119092840 
     24    -1.276830107400
     1    1.198302416169    30.183408168657    27.261381541032 0.003341911551  0.000071603500  0.000059565867 
     2    3.610274425772    29.035091143908    26.173194902408 -0.003341911551  -0.000071603500  -0.000059565867 
     3    1.212472735393    29.949492369698    29.322448114247 -0.000753081356  0.000089591887  -0.000471081801 
     4    3.596109983596    29.268980770160    24.112147982345 0.000753081356  -0.000089591887  0.000471081801 
     5    1.212455368810    32.228959674639    26.917086782371 -0.000751720072  -0.000473862709  0.000118489986 
     6    3.596134852392    26.989539316673    26.517504948953 0.000751720072  0.000473862709  -0.000118489986 
     25    -1.276653364106
     1    1.202151164677    30.185756153369    27.263600646422 0.000000000000  -0.002231746145  -0.002116173195 
     2    3.606427321325    29.032690757091    26.170922752406 -0.000000000000  0.002286994799  0.002172258066 
     3    1.202143889232    29.915960389020    29.319448835426 0.000000000000  0.002878919662  -0.000256874154 
     4    3.606428814209    29.303072071977    24.115178914078 0.000000000000  -0.002933429334  0.000246820105 
     5    1.202146893896    32.224172091294    26.883807174617 0.000000000000  -0.000100948878  0.002891676831 
     6    3.606431629901    26.994396517529    26.551375247300 0.000000000000  0.000100229343  -0.002937707653 
     26    -1.276662512115
     1    1.202147385225    30.181053607699    27.259155481450 -0.000000000000  0.002401537064  0.002262277784 
     2    3.606430533859    29.037497048725    26.175473590862 -0.000000000000  -0.002448909722  -0.002311108960 
     3    1.202154660671    29.983028772336    29.325442479779 0.000000000000  -0.002725152992  -0.000739935249 
     4    3.606429040976    29.234898539028    24.109120036379 -0.000000000000  0.002763307818  0.000735812505 
     5    1.202151656006    32.233743554121    26.950370547523 -0.000000000000  -0.000883881232  -0.002671382303 
     6    3.606426225284    26.984685403940    26.483637296223 0.000000000000  0.000893118511  0.002724355669 
     27    -1.276742199713
     1    1.202148046629    30.181073808871    27.259176873150 0.000000000000  0.002492217977  0.002347182967 
     2    3.606430307092    29.032776588452    26.170999947718 -0.000000000000  0.002318401549  0.002207826453 
     3    1.202153451246    29.974365700857    29.324210510626 0.000000000000  -0.002074420692  -0.000637780662 
     4    3.606420877359    29.293383162671    24.113870354325 0.000000000000  -0.002208176497  0.000329644469 
     5    1.202149085979    32.232045918656    26.941793156227 0.000000000000  -0.000748083501  -0.002026950799 
     6    3.606426678818    26.992580150571    26.541786153328 0.000000000000  0.000220061165  -0.002219922427 
     28    -1.276745810702
     1    1.202150503273    30.185735952197    27.263579254722 -0.000000000000  -0.002337556749  -0.002216519219 
     2    3.606427548092    29.037411217364    26.175396395550 0.000000000000  -0.002458419258  -0.002324935709 
     3    1.202145098656    29.924623460499    29.320680804579 -0.000000000000  0.002240069420  -0.000323032522 
     4    3.606436977826    29.244587448335    24.110428596132 -0.000000000000  0.002025103344  0.000612558028 
     5    1.202149463924    32.225869726759    26.892384565913 -0.000000000000  -0.000201508819  0.002257104908 
     6    3.606431176366    26.986501770898    26.493226390196 0.000000000000  0.000732331509  0.001994805067 
     29    -1.276828319546
     1    1.202148575752    30.184032704245    27.261889026983 -0.000000000000  -0.002517343377  -0.002050034274 
     2    3.606429607894    29.034486242575    26.172739251645 -0.000000000000  0.002437183238  0.001838179703 
     3    1.202144399458    29.950657896081    29.314517897457 0.000000000000  -0.000316634490  0.002259846921 
     4    3.606427642578    29.267907538001    24.119389186092 0.000000000000  0.000275173691  -0.002024714406 
     5    1.202144626225    32.220170274969    26.918820738372 0.000000000000  0.002566466256  -0.000482147090 
     6    3.606429135462    26.997980609893    26.515843936381 0.000000000000  -0.002444845319  0.000458849699 
     30    -1.276796275239
     1    1.202149974150    30.182777056823    27.260867100889 0.000000000000  0.002570569553  0.002106702553 
     2    3.606428247291    29.035701563241    26.173657091624 0.000000000000  -0.002482358396  -0.001894517384 
     3    1.202154150445    29.948331265275    29.330373417749 -0.000000000000  0.000490042533  -0.003167900655 
     4    3.606430212606    29.270063073004    24.104909764365 -0.000000000000  -0.000466395098  0.002927614709 
     5    1.202153923677    32.237745370446    26.915356983767 -0.000000000000  -0.003446399766  0.000713856950 
     6    3.606428719722    26.981101311576    26.519168607143 -0.000000000000  0.003334541175  -0.000685756174 
     31    -1.276827487541
     1    1.202149312746    30.183953014494    27.260734612190 0.000000000000  -0.002217160967  0.002620431414 
     2    3.606428908695    29.034544635112    26.173844325688 -0.000000000000  0.002217160967  -0.002620431414 
     3    1.202149520616    29.948764050352    29.329502972100 -0.000000000000  0.000336198076  -0.002826938088 
     4    3.606428417366    29.269720106610    24.105060035387 -0.000000000000  -0.000336198076  0.002826938088 
     5    1.202149615102    32.222859109582    26.918015809529 -0.000000000000  0.001661271217  -0.000203628531 
     6    3.606428965387    26.995648857929    26.516578076083 -0.000000000000  -0.001661271217  0.000203628531 
     32    -1.276825058411
     1    1.202149237157    30.182856746574    27.262021515682 -0.000000000000  0.002319782279  -0.002555828800 
     2    3.606428946489    29.035643170704    26.172552017580 -0.000000000000  -0.002319782279  0.002555828800 
     3    1.202149029287    29.950225111004    29.315388343105 0.000000000000  -0.000152911006  0.001912000150 
     4    3.606429437818    29.268250504396    24.119238915071 0.000000000000  0.000152911006  -0.001912000150 
     5    1.202148934800    32.235056535833    26.916161912611 0.000000000000  -0.002596511723  0.000445703592 
     6    3.606428889798    26.983433063540    26.518434467440 0.000000000000  0.002596511723  -0.000445703592 
     33    -1.276811352751
     1    1.202149312746    30.182849452231    27.260843611593 0.000000000000  0.002281374644  0.002186532093 
     2    3.606428889798    29.034498034466    26.172634031694 0.000000000000  0.002419097618  0.002297204424 
     3    1.202148443472    29.948333400665    29.330381675852 -0.000000000000  0.000480941382  -0.003149931715 
     4    3.606429702380    29.267755566226    24.120553710920 -0.000000000000  0.000328244292  -0.002449026403 
     5    1.202149331643    32.236729623756    26.915518064022 -0.000000000000  -0.003089121247  0.000650848982 
     6    3.606428852003    26.997874142723    26.515826588695 0.000000000000  -0.002420556136  0.000464353173 
     34    -1.276812562539
     1    1.202149237157    30.183960308837    27.261912516279 0.000000000000  -0.002249248359  -0.002174513907 
     2    3.606428965387    29.035689771350    26.173762311575 0.000000000000  -0.002428471025  -0.002292245463 
     3    1.202150106431    29.950655760690    29.314509639354 -0.000000000000  -0.000314300862  0.002298954645 
     4    3.606428152805    29.270215044779    24.103745239538 -0.000000000000  -0.000511103530  0.003275072542 
     5    1.202149218259    32.221186021659    26.918659658117 -0.000000000000  0.002246545239  -0.000425770515 
     6    3.606429003181    26.981207778746    26.519185954829 -0.000000000000  0.003256578537  -0.000681497302 
     35    -1.276834877095
     1    1.202149237157    30.183932983397    27.260831536243 0.000000000000  -0.002160978862  0.002356556375 
     2    3.606428965387    29.035611366613    26.172646107044 -0.000000000000  -0.002238280305  0.002278379821 
     3    1.202148897006    29.948898844517    29.328031555750 0.000000000000  0.000304402388  -0.002467403727 
     4    3.606429418921    29.268374753889    24.117828631360 -0.000000000000  0.000114425583  -0.001524909527 
     5    1.202149237157    32.223260336233    26.918015601659 0.000000000000  0.001528857248  -0.000201897757 
     6    3.606429003181    26.983987414699    26.518405006610 0.000000000000  0.002451593394  -0.000440725184 
     36    -1.276836645840
     1    1.202149312746    30.182876777671    27.261924591629 0.000000000000  0.002248217673  -0.002288550552 
     2    3.606428889798    29.034576439203    26.173750236225 -0.000000000000  0.002162826317  -0.002335437037 
     3    1.202149652896    29.950090316839    29.316859759456 0.000000000000  -0.000124576867  0.001544745369 
     4    3.606428436263    29.269595857117    24.106470319097 -0.000000000000  -0.000310780972  0.002430435163 
     5    1.202149312746    32.234655309182    26.916162120481 0.000000000000  -0.002439127929  0.000443700561 
     6    3.606428852003    26.995094506770    26.516607536913 -0.000000000000  -0.001536577669  0.000205106496 
