   6  0.10D+01     1     -0.19D-05 :    0.88      7.10
        1   0.0089711873   0.1674856077  -0.0785097477
        2   0.0089716538   0.1726754128  -0.0840023127
        3   0.0089661771   0.1573106265  -0.0796071569
        4   0.0089672895   0.1827918258  -0.0829204403
        5   0.0089668558   0.1692579701  -0.0683105355
        6   0.0089650449   0.1709366303  -0.0940803541
   6  0.10D+01     2     -0.62D-07 :    0.16      1.28
        1   0.1661158226   0.0313757198   0.0841079753
        2   0.1661142473   0.0314084875   0.0840173250
        3   0.1661138677   0.0313086256   0.0838762361
        4   0.1661054659   0.0315547599   0.0842689841
        5   0.1661041378   0.0311632169   0.0841132313
        6   0.1661101586   0.0316049036   0.0839104312
   6  0.10D+01     3      0.10D-09 :    0.01      0.05
        1   0.0892810191  -0.0755194844  -0.1482374543
        2   0.0892826176  -0.0755168785  -0.1482335248
        3   0.0892738767  -0.0755526188  -0.1482538625
        4   0.0892738941  -0.0755971556  -0.1482367145
        5   0.0892710431  -0.0755052481  -0.1480802975
        6   0.0892801782  -0.0755020745  -0.1481141926
   6  0.10D+01     4      0.18D-02 :   27.30    220.17
        1   0.0003390174   0.0901766526  -0.0921386866
        2   0.0003372435  -0.0793351821   0.0870462529
        3   0.0003161061   0.3980489756  -0.0569303482
        4   0.0003056429  -0.3871333683   0.0518642458
        5   0.0003017211   0.0385876912  -0.3978202702
        6   0.0003433157  -0.0278322685   0.3923659058
   6  0.29D+00     5      0.22D-01 :   93.29    752.44
        1   0.0000162445  -0.0304537160   0.0326614349
        2  -0.0000193442  -0.0309031482   0.0320111954
        3   0.0000797027   0.4781778685   0.0869937923
        4  -0.0000055140   0.4779355505   0.0869047916
        5   0.0000360314  -0.1126108200  -0.4727700501
        6   0.0000054439  -0.1124758599  -0.4729388902
   6  0.15D+00     6      0.43D-01 :  132.28   1066.89
        1   0.0012673403  -0.0001380738  -0.0000797656
        2  -0.0012731931   0.0001396502   0.0000783697
        3   0.5007157984   0.0000029583  -0.0001091511
        4   0.4953044349  -0.0000265741   0.0001056486
        5  -0.4952318418  -0.0001993557  -0.0001398489
        6  -0.5007263980   0.0001977079   0.0001467510
   6  0.42D-01     7      0.44D-01 :  132.72   1070.44
        1  -0.1508672804   0.0000241444   0.0000538593
        2   0.1509591482  -0.0000324711  -0.0000454055
        3  -0.3312706496   0.0001004590   0.0000722467
        4   0.3389809059   0.0000358128  -0.0000780697
        5  -0.3395299819   0.0000180236  -0.0000583960
        6   0.3307268703  -0.0000429501  -0.0000016994
   6  0.29D-01     8      0.50D-01 :  142.10   1146.13
        1   0.0004493431   0.1428846416   0.1303704211
        2   0.0004538939  -0.1427711952  -0.1303935143
        3  -0.0021723234   0.0904388938   0.1206690344
        4  -0.0023328159  -0.0925439771  -0.1215171663
        5  -0.0027157786   0.1332175139   0.0988818543
        6  -0.0034368228  -0.1328290067  -0.0975448984
   6  0.66D-01     9      0.54D-01 :  147.26   1187.70
        1   0.0773255854   0.0034668462  -0.0060104887
        2   0.0772059665  -0.0034920412   0.0060312351
        3  -0.4604203954  -0.0138871719  -0.0048970694
        4  -0.4602601327   0.0139587581   0.0048825059
        5  -0.4597495888   0.0088144474   0.0127519379
        6  -0.4610028403  -0.0088210790  -0.0128280970
   6  0.33D-01    10      0.54D-01 :  148.01   1193.80
        1   0.0035494262  -0.0995731704   0.1128510905
        2   0.0034273173   0.1000223409  -0.1129656210
        3  -0.0209961544   0.3026147317   0.1415845872
        4  -0.0208004099  -0.3036568588  -0.1417588857
        5  -0.0206762521  -0.1644231075  -0.2926244789
        6  -0.0206287747   0.1646050383   0.2918940722
   6  0.10D+00    11      0.66D-01 :  162.99   1314.58
        1   0.0000345859   0.0000309881   0.0000395131
        2   0.0000726443  -0.0000417393  -0.0000539619
        3   0.4977556992   0.0000415642   0.0000321203
        4  -0.4983751431   0.0000713941  -0.0000249777
        5  -0.4983096600   0.0000305604   0.0000651770
        6   0.4976065513  -0.0000090161   0.0001003591
   6  0.28D-01    12      0.72D-01 :  170.86   1378.07
        1   0.1373179339   0.0001368301   0.0000654710
        2  -0.1372875925  -0.0001443564  -0.0000739606
        3  -0.3684639165  -0.0006408335  -0.0003378489
        4   0.3681382956   0.0007275135   0.0003191811
        5  -0.3684661969  -0.0002515612  -0.0004081924
        6   0.3684190801   0.0002562246   0.0005253106
   6  0.72D-01    13      0.83D-01 :  182.77   1474.13
        1  -0.0000942838   0.0333363722   0.0307091195
        2   0.0002630182  -0.0342758855  -0.0317170422
        3  -0.0001073887  -0.4792428357  -0.0445226743
        4  -0.0010411449   0.4894555769   0.0453892239
        5  -0.0000247841  -0.0688699667  -0.4735591679
        6  -0.0011447272   0.0700629941   0.4841509678
   6  0.52D-01    14      0.86D-01 :  186.29   1502.52
        1  -0.0000095865  -0.0450745073  -0.0424974659
        2   0.0000046935  -0.0443159666  -0.0421627610
        3  -0.0000466400   0.4794222924   0.0339370338
        4   0.0000093022   0.4678517651   0.0331712556
        5   0.0000911917   0.0593109113   0.4760735269
        6  -0.0001444468   0.0586130605   0.4660129505
   6  0.12D-01    15      0.34D+00 :  367.62   2965.07
        1  -0.0001316892   0.0031664747  -0.0406651921
        2  -0.0002505969  -0.0046861887   0.0617189599
        3   0.0014112581  -0.0623559140   0.5337849568
        4   0.0016537931   0.0961844599  -0.7919189425
        5   0.0013359005   0.0058023240  -0.0164717672
        6   0.0016078477  -0.0216197349   0.0245806788
   6  0.17D-01    16      0.34D+00 :  369.87   2983.16
        1   0.0000022098   0.0264591961   0.0400282370
        2   0.0000054632   0.0408816977   0.0226116752
        3  -0.0000232058   0.0787009618  -0.5646816989
        4  -0.0000528114   0.0586104758  -0.3710780900
        5  -0.0000196791  -0.3901241859   0.0827494225
        6  -0.0000523343  -0.5495530493   0.1066582929
   6  0.12D-01    17      0.34D+00 :  371.37   2995.25
        1   0.0001305297   0.0644279207  -0.0148264333
        2   0.0002363721  -0.0410121533   0.0066765819
        3  -0.0013242376   0.0103515654   0.0320251299
        4  -0.0015714699  -0.0115448058   0.0148896659
        5  -0.0012480866  -0.7907664030   0.1434426552
        6  -0.0015082729   0.5130193552  -0.0940031371
   6  0.12D-01    18      0.35D+00 :  376.42   3036.04
        1  -0.0000400089   0.0333422679  -0.0499564895
        2  -0.0000726238   0.0508676383  -0.0402233016
        3   0.0003959921  -0.0622458731   0.5507450068
        4   0.0004870670  -0.0374989022   0.3778455201
        5   0.0003772157  -0.3345299331   0.0495327502
        6   0.0004692563  -0.5691167387   0.0966559493
