   6  0.10D+01     1     -0.84D-06 :    0.58      4.69
        1  -0.0159959456  -0.1584074748   0.0852121351
        2  -0.0159966178  -0.1696507658   0.0972781440
        3  -0.0159865289  -0.1368487783   0.0877770303
        4  -0.0159882421  -0.1907891813   0.0947468596
        5  -0.0159862231  -0.1619117509   0.0637108834
        6  -0.0159867351  -0.1662933343   0.1182248309
   6  0.10D+01     2     -0.61D-07 :    0.16      1.26
        1   0.1656977017   0.0312984804   0.0848231246
        2   0.1657027475   0.0309842170   0.0851791884
        3   0.1655923994   0.0319746903   0.0848332315
        4   0.1655899306   0.0304112588   0.0851775838
        5   0.1655904072   0.0311021684   0.0840848852
        6   0.1656199572   0.0311527807   0.0856708016
   6  0.10D+01     3      0.30D-07 :    0.11      0.89
        1  -0.0891001913   0.0872543798   0.1418611786
        2  -0.0891029934   0.0876068787   0.1414592072
        3  -0.0890439710   0.0866797681   0.1417886998
        4  -0.0890425903   0.0883988317   0.1415688154
        5  -0.0890400961   0.0873075470   0.1422602196
        6  -0.0890577721   0.0875009284   0.1405252527
   6  0.10D+01     4      0.17D-03 :    8.34     67.26
        1   0.0005693975   0.0946113373  -0.0937840820
        2   0.0005676924  -0.0718948661   0.0815587254
        3   0.0005787816   0.4069788576  -0.0581807528
        4   0.0005345692  -0.3855358881   0.0458450419
        5   0.0005617787   0.0425660100  -0.4041894434
        6   0.0006045291  -0.0196907361   0.3929543560
   6  0.30D+00     5      0.21D-01 :   91.27    736.10
        1  -0.0000392327   0.0306540740  -0.0318762067
        2  -0.0000047102   0.0305758273  -0.0326616647
        3  -0.0000900872  -0.4779170263  -0.0864565573
        4   0.0001421637  -0.4781603467  -0.0872635160
        5   0.0000133500   0.1125281147   0.4734871535
        6   0.0000992834   0.1124259011   0.4725294591
   6  0.15D+00     6      0.43D-01 :  132.12   1065.65
        1  -0.0015954042   0.0000410811   0.0000091477
        2   0.0015300666  -0.0000416893  -0.0000068657
        3  -0.5012069599  -0.0000175812   0.0000194869
        4  -0.4944125354   0.0000341466  -0.0000107930
        5   0.4944283777   0.0000893775   0.0000725268
        6   0.5018900315  -0.0001014972  -0.0001170041
   6  0.42D-01     7      0.44D-01 :  132.71   1070.38
        1   0.1508788675   0.0001096779   0.0000889557
        2  -0.1508316331  -0.0000970631  -0.0001035723
        3   0.3298578329   0.0000179509  -0.0000673751
        4  -0.3405239832  -0.0001874980   0.0000802424
        5   0.3404504003  -0.0000455460   0.0001974278
        6  -0.3302368025   0.0000609633  -0.0000378582
   6  0.29D-01     8      0.50D-01 :  141.89   1144.38
        1   0.0001705981   0.1394399800   0.1337745843
        2   0.0001541326  -0.1395351410  -0.1334848779
        3  -0.0014029161   0.1019712279   0.1262734175
        4  -0.0001606671  -0.1018506217  -0.1260306572
        5  -0.0013975068   0.1288189631   0.0904498953
        6  -0.0005876406  -0.1294429976  -0.0932265412
   6  0.67D-01     9      0.54D-01 :  147.22   1187.43
        1   0.0772251729   0.0001015442  -0.0006654387
        2   0.0773909881  -0.0000879532   0.0006608648
        3  -0.4611577147  -0.0013410231  -0.0006384639
        4  -0.4609703445   0.0011702414   0.0006283052
        5  -0.4605248188   0.0004885953   0.0008746376
        6  -0.4608411802  -0.0004682241  -0.0008093429
   6  0.33D-01    10      0.54D-01 :  147.96   1193.35
        1   0.0002889015  -0.1058196585   0.1099556290
        2   0.0002627681   0.1058168325  -0.1098639343
        3  -0.0017697761   0.2959185176   0.1451783814
        4  -0.0017075786  -0.2956605250  -0.1450995315
        5  -0.0015695991  -0.1630800531  -0.2897097807
        6  -0.0015429025   0.1628173472   0.2883795481
   6  0.10D+00    11      0.66D-01 :  163.00   1314.65
        1   0.0001438114   0.0000290274   0.0000331859
        2  -0.0001116324  -0.0000166298  -0.0000355709
        3   0.4978307115  -0.0000797605   0.0000706335
        4  -0.4977396018  -0.0000940167  -0.0000081948
        5  -0.4985247612   0.0000607135   0.0000126931
        6   0.4979517780  -0.0000367521  -0.0000408195
   6  0.28D-01    12      0.72D-01 :  170.88   1378.23
        1   0.1373877881  -0.0001175492  -0.0001244010
        2  -0.1373392172   0.0000983365   0.0001170809
        3  -0.3686953470   0.0000787522  -0.0000877432
        4   0.3685339610   0.0001617714   0.0000535202
        5  -0.3680745453  -0.0000663097   0.0000745341
        6   0.3676452766   0.0000587531   0.0000473803
   6  0.70D-01    13      0.83D-01 :  182.79   1474.29
        1   0.0000270689   0.0335895259   0.0317512429
        2  -0.0000230611  -0.0343307159  -0.0325059287
        3  -0.0000768205  -0.4790598261  -0.0428116237
        4  -0.0000015074   0.4869537643   0.0432777877
        5  -0.0000339220  -0.0683676879  -0.4754527236
        6   0.0000385319   0.0693651957   0.4838424263
   6  0.52D-01    14      0.86D-01 :  186.31   1502.71
        1  -0.0000237351  -0.0448283252  -0.0423304862
        2   0.0000266313  -0.0445635669  -0.0422736628
        3   0.0000802427   0.4782906043   0.0339394671
        4  -0.0001549399   0.4691896290   0.0330937726
        5  -0.0000035427   0.0593865913   0.4750826666
        6  -0.0000432877   0.0584458261   0.4669207417
   6  0.17D-01    15      0.33D+00 :  366.88   2959.05
        1  -0.0000411650   0.0369312954   0.0300567121
        2   0.0000396512  -0.0357443626  -0.0269958352
        3  -0.0002867201   0.0684303772  -0.4663393401
        4  -0.0000756964  -0.0633984493   0.4258651060
        5  -0.0002733902  -0.5169142464   0.1018747989
        6   0.0000120079   0.4964498086  -0.0977843554
   6  0.14D-01    16      0.34D+00 :  369.71   2981.91
        1   0.0000027115   0.0391522783  -0.0459607486
        2  -0.0000012677  -0.0392338834   0.0461537025
        3   0.0000172504  -0.0521805930   0.5040945132
        4  -0.0000366331   0.0524864190  -0.5063885940
        5   0.0000240098  -0.4356223931   0.0662111054
        6   0.0000030411   0.4362779488  -0.0663002836
   6  0.17D-01    17      0.34D+00 :  369.94   2983.75
        1   0.0000026752  -0.0326721527  -0.0314388329
        2  -0.0000020334  -0.0350512778  -0.0331849452
        3  -0.0000485659  -0.0683049306   0.4668243326
        4   0.0000460596  -0.0723372505   0.4943672428
        5   0.0000033496   0.4571646312  -0.0923997920
        6  -0.0000045881   0.4901867787  -0.0988049861
   6  0.12D-01    18      0.35D+00 :  376.23   3034.49
        1  -0.0000026728   0.0440081170  -0.0455439145
        2   0.0000025965   0.0431224653  -0.0460057442
        3  -0.0000317739  -0.0496452592   0.4654919386
        4   0.0000417185  -0.0508790427   0.4732623576
        5  -0.0000034123  -0.4747908929   0.0772288985
        6   0.0000057704  -0.4627950010   0.0748953420
